a
pb
pb
ra
pb
ra
pb
ra
ra
pb
b
pa
rb
rb
pa
a
sa
ra
ra
return a
b
5,4,3,
3,4,5,
4
pa
a
ra
return a
a
3,2,1,10,7,6,9,8,

pa
ra
pa
ra
a
b
return b
a
5,4,0,0,0,0,0,0,0,0,
0,0,0,0,0,0,0,0,4,5,
a
b
return b
a
5,4,0,0,0,0,0,0,0,0,
0,0,0,0,0,0,0,0,4,5,
a
b
return b
a
5,4,0,0,0,0,0,0,0,0,
0,0,0,0,0,0,0,0,4,5,
a
b
return b
a
5,4,0,0,0,0,0,0,0,0,
0,0,0,0,0,0,0,0,4,5,
a
b
return b
a
5,4,0,0,0,0,0,0,0,0,
0,0,0,0,0,0,0,0,4,5,
a
b
return b
a
5,4,0,0,0,0,0,0,0,0,
0,0,0,0,0,0,0,0,4,5,
a
b
return b
a
5,4,0,0,0,0,0,0,0,0,
0,0,0,0,0,0,0,0,4,5,
a
b
return b
a
5,4,0,0,0,0,0,0,0,0,
0,0,0,0,0,0,0,0,4,5,
a
b
return b
a
5,4,0,0,0,0,0,0,0,0,
0,0,0,0,0,0,0,0,4,5,
a
b
return b
a
5,4,0,0,0,0,0,0,0,0,
0,0,0,0,0,0,0,0,4,5,
a
b
return b
a
5,4,0,0,0,0,0,0,0,0,
0,0,0,0,0,0,0,0,4,5,
a
b
return b
a
5,4,0,0,0,0,0,0,0,0,
0,0,0,0,0,0,0,0,4,5,
a
b
return b
a
5,4,0,0,0,0,0,0,0,0,
0,0,0,0,0,0,0,0,4,5,
a
b
return b
a
5,4,0,0,0,0,0,0,0,0,
0,0,0,0,0,0,0,0,4,5,
a
b
return b
a
5,4,0,0,0,0,0,0,0,0,
0,0,0,0,0,0,0,0,4,5,
a
b
return b
a
5,4,0,0,0,0,0,0,0,0,
0,0,0,0,0,0,0,0,4,5,
a
b
return b
a
5,4,0,0,0,0,0,0,0,0,
0,0,0,0,0,0,0,0,4,5,
a
b
return b
a
5,4,0,0,0,0,0,0,0,0,
0,0,0,0,0,0,0,0,4,5,
a
b
return b
a
5,4,0,0,0,0,0,0,0,0,
0,0,0,0,0,0,0,0,4,5,
a
b
return b
a
5,4,0,0,0,0,0,0,0,0,
0,0,0,0,0,0,0,0,4,5,
a
b
return b
a
5,4,0,0,0,0,0,0,0,0,
0,0,0,0,0,0,0,0,4,5,
a
b
return b
a
5,4,0,0,0,0,0,0,0,0,
0,0,0,0,0,0,0,0,4,5,
a
b
return b
a
5,4,0,0,0,0,0,0,0,0,
0,0,0,0,0,0,0,0,4,5,
a
b
return b
a
5,4,0,0,0,0,0,0,0,0,
0,0,0,0,0,0,0,0,4,5,
a
b
return b
a
5,4,0,0,0,0,0,0,0,0,
0,0,0,0,0,0,0,0,4,5,
a
b
return b
a
5,4,0,0,0,0,0,0,0,0,
0,0,0,0,0,0,0,0,4,5,
a
b
return b
a
5,4,0,0,0,0,0,0,0,0,
0,0,0,0,0,0,0,0,4,5,
